1007633530481467
101428536996053
1019877349016832
1050530892029182
1176449745796386
1180084502186534
1200120893397632
1205678469611086
1212797438805604
124943894894711
1447650615560237
1460059817624399
1498984756838169
1504083032972281
1541277389474046
154232908410585
1551469784879888
1577416719185957
176966559487981
1793615517545382
1912951022292821
1931812393886125
2004576649824783
208120910383836
2137709699866862
2313673148879847
236331103630795
2365380587055100
250866605349037
252543775820510
267013250715551
268702130245207
288521261823808
294848935499162
2982751505128088
309130319570465
313981159261777
324860251519774
328174782800379
3374012029487727
353648613594897
358143165600537
358194791226175
358232775228016
380756305341621
400768320908843
418378306327844
443342110118758
529603630566325
6151546404957659
675528919532082
695690884557527
708405259852473
723834411098468
850414421695243
866327981177535
895091557317938
914709309125983
926692934070184
940236302823915
949521149345732
966904140057606
CasasInmueblesVentaRentaenTonala
cuartosyroomieszmg
