363722842979931
985468302749889
505498638052943
1377173996229849
1052162136096061
592321686029830
370532622063157
2581137655400170
1804132706706124
382408304169965
445827793360101
1414506836127455
1125143605514871
593443075795498
295501920070604
243824651641806
233528629698895
156359653897197
361977886390629
284788314427415
722942239340368
1017592886241991
1024811001972809
3347797385441005
7305948029423902
371086558618674
472159955125956
2413105738877398
297747459390740
1069142150889896
905744247610767
836101287428331
395787207903581
370241748775982
1776650172786000
856944246142507
340216515277539
660754966152456
1380621809498086
1547191799444501
891454978989783
3455955834718732
825680272638092
3585747618356542
318421950895289
725554562520858
7517657608264827
713189510458526
211966131913051
662116599420314
366328192526167
654675559167459
902835734751118
1135977604479792
